# 高斯过程相关性矩阵(1-50整数点)
# 核函数: 5**2 * RBF(length_scale=4) + WhiteKernel(noise_level=0.001)
1.000000 0.000000 0.005086 0.000000 0.000000 0.000000 0.000000 0.754809 0.000000 0.000000 0.000000 0.000000 0.043935 0.000000 0.216257 0.000000 0.216257 0.324639 0.000000 0.000000 0.000000 0.457815 0.000000 0.000000 0.002187 0.000000 0.000000 0.005086 0.000000 0.022793 0.000000 0.000000 0.882462 0.000000 0.043935 0.000000 0.000120 0.000040 0.000000 0.000000 0.000000 0.000000 0.000000 0.011109 0.000000 0.000000 0.882462 0.000000 0.000001 0.000000
0.000000 1.000000 0.000120 0.135330 0.079556 0.002187 0.000000 0.000000 0.000000 0.000000 0.000000 0.000000 0.000004 0.000004 0.000000 0.000000 0.000000 0.000000 0.000000 0.000000 0.882462 0.000000 0.000000 0.022793 0.000335 0.000000 0.005086 0.000000 0.000000 0.000013 0.000000 0.324639 0.000000 0.000000 0.000000 0.000000 0.005086 0.011109 0.000040 0.000000 0.606506 0.000013 0.000000 0.000000 0.000000 0.000000 0.000000 0.000000 0.079556 0.000000
0.005086 0.000120 1.000000 0.000000 0.000000 0.000000 0.000000 0.043935 0.000000 0.000000 0.000000 0.000000 0.754809 0.000000 0.000004 0.000000 0.324639 0.216257 0.000000 0.000000 0.000884 0.000040 0.000000 0.000000 0.969194 0.000000 0.000000 0.000000 0.000000 0.882462 0.000000 0.000000 0.000884 0.000000 0.000000 0.000000 0.606506 0.457815 0.000000 0.000000 0.000001 0.000000 0.000000 0.000000 0.000000 0.000000 0.022793 0.000000 0.135330 0.000000
0.000000 0.135330 0.000000 1.000000 0.969194 0.324639 0.000000 0.000000 0.000000 0.000000 0.000000 0.000884 0.000000 0.011109 0.000000 0.000000 0.000000 0.000000 0.000000 0.002187 0.043935 0.000000 0.000013 0.754809 0.000000 0.000000 0.457815 0.000000 0.000000 0.000000 0.000000 0.882462 0.000000 0.000120 0.000000 0.000000 0.000001 0.000004 0.043935 0.000000 0.606506 0.022793 0.000000 0.000000 0.000040 0.000000 0.000000 0.000004 0.000120 0.000000
0.000000 0.079556 0.000000 0.969194 1.000000 0.457815 0.000000 0.000000 0.000000 0.000000 0.000000 0.002187 0.000000 0.022793 0.000000 0.000000 0.000000 0.000000 0.000000 0.005086 0.022793 0.000000 0.000040 0.882462 0.000000 0.000000 0.606506 0.000000 0.000000 0.000000 0.000000 0.754809 0.000000 0.000335 0.000000 0.000000 0.000000 0.000001 0.079556 0.000000 0.457815 0.043935 0.000000 0.000000 0.000120 0.000000 0.000000 0.000013 0.000040 0.000000
0.000000 0.002187 0.000000 0.324639 0.457815 1.000000 0.000120 0.000000 0.000000 0.000000 0.000001 0.079556 0.000000 0.324639 0.000000 0.000000 0.000000 0.000000 0.000000 0.135330 0.000335 0.000000 0.005086 0.754809 0.000000 0.000000 0.969194 0.000000 0.000000 0.000000 0.000000 0.135330 0.000000 0.022793 0.000000 0.000000 0.000000 0.000000 0.606506 0.000000 0.043935 0.457815 0.000000 0.000000 0.011109 0.000004 0.000000 0.002187 0.000000 0.000000
0.000000 0.000000 0.000000 0.000000 0.000000 0.000120 1.000000 0.000000 0.011109 0.000000 0.606506 0.135330 0.000000 0.022793 0.000000 0.000040 0.000000 0.000000 0.043935 0.079556 0.000000 0.000000 0.606506 0.000004 0.000000 0.216257 0.000040 0.000000 0.005086 0.000000 0.022793 0.000000 0.000000 0.324639 0.000000 0.000120 0.000000 0.000000 0.005086 0.324639 0.000000 0.011109 0.000884 0.000000 0.457815 0.754809 0.000000 0.754809 0.000000 0.079556
0.754809 0.000000 0.043935 0.000000 0.000000 0.000000 0.000000 1.000000 0.000000 0.000000 0.000000 0.000000 0.216257 0.000000 0.043935 0.000000 0.606506 0.754809 0.000000 0.000000 0.000000 0.135330 0.000000 0.000000 0.022793 0.000000 0.000000 0.000335 0.000000 0.135330 0.000000 0.000000 0.457815 0.000000 0.005086 0.000000 0.002187 0.000884 0.000000 0.000000 0.000000 0.000000 0.000000 0.000884 0.000000 0.000000 0.969194 0.000000 0.000040 0.000000
0.000000 0.000000 0.000000 0.000000 0.000000 0.000000 0.011109 0.000000 1.000000 0.043935 0.135330 0.000004 0.000000 0.000000 0.000000 0.324639 0.000000 0.000000 0.882462 0.000001 0.000000 0.000000 0.000335 0.000000 0.000000 0.457815 0.000000 0.000000 0.969194 0.000000 0.969194 0.000000 0.000000 0.000040 0.000000 0.457815 0.000000 0.000000 0.000000 0.324639 0.000000 0.000000 0.754809 0.000000 0.000120 0.079556 0.000000 0.000884 0.000000 0.754809
0.000000 0.000000 0.000000 0.000000 0.000000 0.000000 0.000000 0.000000 0.043935 1.000000 0.000040 0.000000 0.000000 0.000000 0.000000 0.606506 0.000000 0.000000 0.011109 0.000000 0.000000 0.000000 0.000000 0.000000 0.000000 0.000884 0.000000 0.000000 0.079556 0.000000 0.022793 0.000000 0.000000 0.000000 0.000000 0.457815 0.000000 0.000000 0.000000 0.000335 0.000000 0.000000 0.216257 0.000000 0.000000 0.000013 0.000000 0.000000 0.000000 0.005086
0.000000 0.000000 0.000000 0.000000 0.000000 0.000001 0.606506 0.000000 0.135330 0.000040 1.000000 0.011109 0.000000 0.000884 0.000000 0.002187 0.000000 0.000000 0.324639 0.005086 0.000000 0.000000 0.135330 0.000000 0.000000 0.754809 0.000000 0.000000 0.079556 0.000000 0.216257 0.000000 0.000000 0.043935 0.000000 0.005086 0.000000 0.000000 0.000120 0.882462 0.000000 0.000335 0.022793 0.000000 0.079556 0.969194 0.000000 0.216257 0.000000 0.457815
0.000000 0.000000 0.000000 0.000884 0.002187 0.079556 0.135330 0.000000 0.000004 0.000000 0.011109 1.000000 0.000000 0.754809 0.000000 0.000000 0.000000 0.000000 0.000040 0.969194 0.000000 0.000000 0.606506 0.011109 0.000000 0.000884 0.043935 0.000000 0.000001 0.000000 0.000013 0.000120 0.000000 0.882462 0.000000 0.000000 0.000000 0.000000 0.457815 0.002187 0.000013 0.606506 0.000000 0.000000 0.754809 0.022793 0.000000 0.457815 0.000000 0.000120
0.043935 0.000004 0.754809 0.000000 0.000000 0.000000 0.000000 0.216257 0.000000 0.000000 0.000000 0.000000 1.000000 0.000000 0.000120 0.000000 0.754809 0.606506 0.000000 0.000000 0.000040 0.000884 0.000000 0.000000 0.606506 0.000000 0.000000 0.000000 0.000000 0.969194 0.000000 0.000000 0.011109 0.000000 0.000004 0.000000 0.216257 0.135330 0.000000 0.000000 0.000000 0.000000 0.000000 0.000000 0.000000 0.000000 0.135330 0.000000 0.022793 0.000000
0.000000 0.000004 0.000000 0.011109 0.022793 0.324639 0.022793 0.000000 0.000000 0.000000 0.000884 0.754809 0.000000 1.000000 0.000000 0.000000 0.000000 0.000000 0.000001 0.882462 0.000000 0.000000 0.216257 0.079556 0.000000 0.000040 0.216257 0.000000 0.000000 0.000000 0.000000 0.002187 0.000000 0.457815 0.000000 0.000000 0.000000 0.000000 0.882462 0.000120 0.000335 0.969194 0.000000 0.000000 0.324639 0.002187 0.000000 0.135330 0.000000 0.000004
0.216257 0.000000 0.000004 0.000000 0.000000 0.000000 0.000000 0.043935 0.000000 0.000000 0.000000 0.000000 0.000120 0.000000 1.000000 0.000000 0.002187 0.005086 0.000000 0.000000 0.000000 0.882462 0.000000 0.000000 0.000001 0.000000 0.000000 0.324639 0.000000 0.000040 0.000000 0.000000 0.457815 0.000000 0.754809 0.000000 0.000000 0.000000 0.000000 0.000000 0.000000 0.000000 0.000000 0.457815 0.000000 0.000000 0.079556 0.000000 0.000000 0.000000
0.000000 0.000000 0.000000 0.000000 0.000000 0.000000 0.000040 0.000000 0.324639 0.606506 0.002187 0.000000 0.000000 0.000000 0.000000 1.000000 0.000000 0.000000 0.135330 0.000000 0.000000 0.000000 0.000000 0.000000 0.000000 0.022793 0.000000 0.000000 0.457815 0.000000 0.216257 0.000000 0.000000 0.000000 0.000000 0.969194 0.000000 0.000000 0.000000 0.011109 0.000000 0.000000 0.754809 0.000000 0.000000 0.000884 0.000000 0.000001 0.000000 0.079556
0.216257 0.000000 0.324639 0.000000 0.000000 0.000000 0.000000 0.606506 0.000000 0.000000 0.000000 0.000000 0.754809 0.000000 0.002187 0.000000 1.000000 0.969194 0.000000 0.000000 0.000001 0.011109 0.000000 0.000000 0.216257 0.000000 0.000000 0.000004 0.000000 0.606506 0.000000 0.000000 0.079556 0.000000 0.000120 0.000000 0.043935 0.022793 0.000000 0.000000 0.000000 0.000000 0.000000 0.000013 0.000000 0.000000 0.457815 0.000000 0.002187 0.000000
0.324639 0.000000 0.216257 0.000000 0.000000 0.000000 0.000000 0.754809 0.000000 0.000000 0.000000 0.000000 0.606506 0.000000 0.005086 0.000000 0.969194 1.000000 0.000000 0.000000 0.000000 0.022793 0.000000 0.000000 0.135330 0.000000 0.000000 0.000013 0.000000 0.457815 0.000000 0.000000 0.135330 0.000000 0.000335 0.000000 0.022793 0.011109 0.000000 0.000000 0.000000 0.000000 0.000000 0.000040 0.000000 0.000000 0.606506 0.000000 0.000884 0.000000
0.000000 0.000000 0.000000 0.000000 0.000000 0.000000 0.043935 0.000000 0.882462 0.011109 0.324639 0.000040 0.000000 0.000001 0.000000 0.135330 0.000000 0.000000 1.000000 0.000013 0.000000 0.000000 0.002187 0.000000 0.000000 0.754809 0.000000 0.000000 0.754809 0.000000 0.969194 0.000000 0.000000 0.000335 0.000000 0.216257 0.000000 0.000000 0.000000 0.606506 0.000000 0.000000 0.457815 0.000000 0.000884 0.216257 0.000000 0.005086 0.000000 0.969194
0.000000 0.000000 0.000000 0.002187 0.005086 0.135330 0.079556 0.000000 0.000001 0.000000 0.005086 0.969194 0.000000 0.882462 0.000000 0.000000 0.000000 0.000000 0.000013 1.000000 0.000000 0.000000 0.457815 0.022793 0.000000 0.000335 0.079556 0.000000 0.000000 0.000000 0.000004 0.000335 0.000000 0.754809 0.000000 0.000000 0.000000 0.000000 0.606506 0.000884 0.000040 0.754809 0.000000 0.000000 0.606506 0.011109 0.000000 0.324639 0.000000 0.000040
0.000000 0.882462 0.000884 0.043935 0.022793 0.000335 0.000000 0.000000 0.000000 0.000000 0.000000 0.000000 0.000040 0.000000 0.000000 0.000000 0.000001 0.000000 0.000000 0.000000 1.000000 0.000000 0.000000 0.005086 0.002187 0.000000 0.000884 0.000000 0.000000 0.000120 0.000000 0.135330 0.000000 0.000000 0.000000 0.000000 0.022793 0.043935 0.000004 0.000000 0.324639 0.000001 0.000000 0.000000 0.000000 0.000000 0.000000 0.000000 0.216257 0.000000
0.457815 0.000000 0.000040 0.000000 0.000000 0.000000 0.000000 0.135330 0.000000 0.000000 0.000000 0.000000 0.000884 0.000000 0.882462 0.000000 0.011109 0.022793 0.000000 0.000000 0.000000 1.000000 0.000000 0.000000 0.000013 0.000000 0.000000 0.135330 0.000000 0.000335 0.000000 0.000000 0.754809 0.000000 0.457815 0.000000 0.000000 0.000000 0.000000 0.000000 0.000000 0.000000 0.000000 0.216257 0.000000 0.000000 0.216257 0.000000 0.000000 0.000000
0.000000 0.000000 0.000000 0.000013 0.000040 0.005086 0.606506 0.000000 0.000335 0.000000 0.135330 0.606506 0.000000 0.216257 0.000000 0.000000 0.000000 0.000000 0.002187 0.457815 0.000000 0.000000 1.000000 0.000335 0.000000 0.022793 0.002187 0.000000 0.000120 0.000000 0.000884 0.000001 0.000000 0.882462 0.000000 0.000001 0.000000 0.000000 0.079556 0.043935 0.000000 0.135330 0.000013 0.000000 0.969194 0.216257 0.000000 0.969194 0.000000 0.005086
0.000000 0.022793 0.000000 0.754809 0.882462 0.754809 0.000004 0.000000 0.000000 0.000000 0.000000 0.011109 0.000000 0.079556 0.000000 0.000000 0.000000 0.000000 0.000000 0.022793 0.005086 0.000000 0.000335 1.000000 0.000000 0.000000 0.882462 0.000000 0.000000 0.000000 0.000000 0.457815 0.000000 0.002187 0.000000 0.000000 0.000000 0.000000 0.216257 0.000000 0.216257 0.135330 0.000000 0.000000 0.000884 0.000000 0.000000 0.000120 0.000004 0.000000
0.002187 0.000335 0.969194 0.000000 0.000000 0.000000 0.000000 0.022793 0.000000 0.000000 0.000000 0.000000 0.606506 0.000000 0.000001 0.000000 0.216257 0.135330 0.000000 0.000000 0.002187 0.000013 0.000000 0.000000 1.000000 0.000000 0.000000 0.000000 0.000000 0.754809 0.000000 0.000000 0.000335 0.000000 0.000000 0.000000 0.754809 0.606506 0.000000 0.000000 0.000004 0.000000 0.000000 0.000000 0.000000 0.000000 0.011109 0.000000 0.216257 0.000000
0.000000 0.000000 0.000000 0.000000 0.000000 0.000000 0.216257 0.000000 0.457815 0.000884 0.754809 0.000884 0.000000 0.000040 0.000000 0.022793 0.000000 0.000000 0.754809 0.000335 0.000000 0.000000 0.022793 0.000000 0.000000 1.000000 0.000000 0.000000 0.324639 0.000000 0.606506 0.000000 0.000000 0.005086 0.000000 0.043935 0.000000 0.000000 0.000004 0.969194 0.000000 0.000013 0.135330 0.000000 0.011109 0.606506 0.000000 0.043935 0.000000 0.882462
0.000000 0.005086 0.000000 0.457815 0.606506 0.969194 0.000040 0.000000 0.000000 0.000000 0.000000 0.043935 0.000000 0.216257 0.000000 0.000000 0.000000 0.000000 0.000000 0.079556 0.000884 0.000000 0.002187 0.882462 0.000000 0.000000 1.000000 0.000000 0.000000 0.000000 0.000000 0.216257 0.000000 0.011109 0.000000 0.000000 0.000000 0.000000 0.457815 0.000000 0.079556 0.324639 0.000000 0.000000 0.005086 0.000001 0.000000 0.000884 0.000000 0.000000
0.005086 0.000000 0.000000 0.000000 0.000000 0.000000 0.000000 0.000335 0.000000 0.000000 0.000000 0.000000 0.000000 0.000000 0.324639 0.000000 0.000004 0.000013 0.000000 0.000000 0.000000 0.135330 0.000000 0.000000 0.000000 0.000000 0.000000 1.000000 0.000000 0.000000 0.000000 0.000000 0.022793 0.000000 0.754809 0.000000 0.000000 0.000000 0.000000 0.000000 0.000000 0.000000 0.000000 0.969194 0.000000 0.000000 0.000884 0.000000 0.000000 0.000000
0.000000 0.000000 0.000000 0.000000 0.000000 0.000000 0.005086 0.000000 0.969194 0.079556 0.079556 0.000001 0.000000 0.000000 0.000000 0.457815 0.000000 0.000000 0.754809 0.000000 0.000000 0.000000 0.000120 0.000000 0.000000 0.324639 0.000000 0.000000 1.000000 0.000000 0.882462 0.000000 0.000000 0.000013 0.000000 0.606506 0.000000 0.000000 0.000000 0.216257 0.000000 0.000000 0.882462 0.000000 0.000040 0.043935 0.000000 0.000335 0.000000 0.606506
0.022793 0.000013 0.882462 0.000000 0.000000 0.000000 0.000000 0.135330 0.000000 0.000000 0.000000 0.000000 0.969194 0.000000 0.000040 0.000000 0.606506 0.457815 0.000000 0.000000 0.000120 0.000335 0.000000 0.000000 0.754809 0.000000 0.000000 0.000000 0.000000 1.000000 0.000000 0.000000 0.005086 0.000000 0.000001 0.000000 0.324639 0.216257 0.000000 0.000000 0.000000 0.000000 0.000000 0.000000 0.000000 0.000000 0.079556 0.000000 0.043935 0.000000
0.000000 0.000000 0.000000 0.000000 0.000000 0.000000 0.022793 0.000000 0.969194 0.022793 0.216257 0.000013 0.000000 0.000000 0.000000 0.216257 0.000000 0.000000 0.969194 0.000004 0.000000 0.000000 0.000884 0.000000 0.000000 0.606506 0.000000 0.000000 0.882462 0.000000 1.000000 0.000000 0.000000 0.000120 0.000000 0.324639 0.000000 0.000000 0.000000 0.457815 0.000000 0.000000 0.606506 0.000000 0.000335 0.135330 0.000000 0.002187 0.000000 0.882462
0.000000 0.324639 0.000000 0.882462 0.754809 0.135330 0.000000 0.000000 0.000000 0.000000 0.000000 0.000120 0.000000 0.002187 0.000000 0.000000 0.000000 0.000000 0.000000 0.000335 0.135330 0.000000 0.000001 0.457815 0.000000 0.000000 0.216257 0.000000 0.000000 0.000000 0.000000 1.000000 0.000000 0.000013 0.000000 0.000000 0.000013 0.000040 0.011109 0.000000 0.882462 0.005086 0.000000 0.000000 0.000004 0.000000 0.000000 0.000000 0.000884 0.000000
0.882462 0.000000 0.000884 0.000000 0.000000 0.000000 0.000000 0.457815 0.000000 0.000000 0.000000 0.000000 0.011109 0.000000 0.457815 0.000000 0.079556 0.135330 0.000000 0.000000 0.000000 0.754809 0.000000 0.000000 0.000335 0.000000 0.000000 0.022793 0.000000 0.005086 0.000000 0.000000 1.000000 0.000000 0.135330 0.000000 0.000013 0.000004 0.000000 0.000000 0.000000 0.000000 0.000000 0.043935 0.000000 0.000000 0.606506 0.000000 0.000000 0.000000
0.000000 0.000000 0.000000 0.000120 0.000335 0.022793 0.324639 0.000000 0.000040 0.000000 0.043935 0.882462 0.000000 0.457815 0.000000 0.000000 0.000000 0.000000 0.000335 0.754809 0.000000 0.000000 0.882462 0.002187 0.000000 0.005086 0.011109 0.000000 0.000013 0.000000 0.000120 0.000013 0.000000 1.000000 0.000000 0.000000 0.000000 0.000000 0.216257 0.011109 0.000001 0.324639 0.000001 0.000000 0.969194 0.079556 0.000000 0.754809 0.000000 0.000884
0.043935 0.000000 0.000000 0.000000 0.000000 0.000000 0.000000 0.005086 0.000000 0.000000 0.000000 0.000000 0.000004 0.000000 0.754809 0.000000 0.000120 0.000335 0.000000 0.000000 0.000000 0.457815 0.000000 0.000000 0.000000 0.000000 0.000000 0.754809 0.000000 0.000001 0.000000 0.000000 0.135330 0.000000 1.000000 0.000000 0.000000 0.000000 0.000000 0.000000 0.000000 0.000000 0.000000 0.882462 0.000000 0.000000 0.011109 0.000000 0.000000 0.000000
0.000000 0.000000 0.000000 0.000000 0.000000 0.000000 0.000120 0.000000 0.457815 0.457815 0.005086 0.000000 0.000000 0.000000 0.000000 0.969194 0.000000 0.000000 0.216257 0.000000 0.000000 0.000000 0.000001 0.000000 0.000000 0.043935 0.000000 0.000000 0.606506 0.000000 0.324639 0.000000 0.000000 0.000000 0.000000 1.000000 0.000000 0.000000 0.000000 0.022793 0.000000 0.000000 0.882462 0.000000 0.000000 0.002187 0.000000 0.000004 0.000000 0.135330
0.000120 0.005086 0.606506 0.000001 0.000000 0.000000 0.000000 0.002187 0.000000 0.000000 0.000000 0.000000 0.216257 0.000000 0.000000 0.000000 0.043935 0.022793 0.000000 0.000000 0.022793 0.000000 0.000000 0.000000 0.754809 0.000000 0.000000 0.000000 0.000000 0.324639 0.000000 0.000013 0.000013 0.000000 0.000000 0.000000 1.000000 0.969194 0.000000 0.000000 0.000120 0.000000 0.000000 0.000000 0.000000 0.000000 0.000884 0.000000 0.606506 0.000000
0.000040 0.011109 0.457815 0.000004 0.000001 0.000000 0.000000 0.000884 0.000000 0.000000 0.000000 0.000000 0.135330 0.000000 0.000000 0.000000 0.022793 0.011109 0.000000 0.000000 0.043935 0.000000 0.000000 0.000000 0.606506 0.000000 0.000000 0.000000 0.000000 0.216257 0.000000 0.000040 0.000004 0.000000 0.000000 0.000000 0.969194 1.000000 0.000000 0.000000 0.000335 0.000000 0.000000 0.000000 0.000000 0.000000 0.000335 0.000000 0.754809 0.000000
0.000000 0.000040 0.000000 0.043935 0.079556 0.606506 0.005086 0.000000 0.000000 0.000000 0.000120 0.457815 0.000000 0.882462 0.000000 0.000000 0.000000 0.000000 0.000000 0.606506 0.000004 0.000000 0.079556 0.216257 0.000000 0.000004 0.457815 0.000000 0.000000 0.000000 0.000000 0.011109 0.000000 0.216257 0.000000 0.000000 0.000000 0.000000 1.000000 0.000013 0.002187 0.969194 0.000000 0.000000 0.135330 0.000335 0.000000 0.043935 0.000000 0.000000
0.000000 0.000000 0.000000 0.000000 0.000000 0.000000 0.324639 0.000000 0.324639 0.000335 0.882462 0.002187 0.000000 0.000120 0.000000 0.011109 0.000000 0.000000 0.606506 0.000884 0.000000 0.000000 0.043935 0.000000 0.000000 0.969194 0.000000 0.000000 0.216257 0.000000 0.457815 0.000000 0.000000 0.011109 0.000000 0.022793 0.000000 0.000000 0.000013 1.000000 0.000000 0.000040 0.079556 0.000000 0.022793 0.754809 0.000000 0.079556 0.000000 0.754809
0.000000 0.606506 0.000001 0.606506 0.457815 0.043935 0.000000 0.000000 0.000000 0.000000 0.000000 0.000013 0.000000 0.000335 0.000000 0.000000 0.000000 0.000000 0.000000 0.000040 0.324639 0.000000 0.000000 0.216257 0.000004 0.000000 0.079556 0.000000 0.000000 0.000000 0.000000 0.882462 0.000000 0.000001 0.000000 0.000000 0.000120 0.000335 0.002187 0.000000 1.000000 0.000884 0.000000 0.000000 0.000000 0.000000 0.000000 0.000000 0.005086 0.000000
0.000000 0.000013 0.000000 0.022793 0.043935 0.457815 0.011109 0.000000 0.000000 0.000000 0.000335 0.606506 0.000000 0.969194 0.000000 0.000000 0.000000 0.000000 0.000000 0.754809 0.000001 0.000000 0.135330 0.135330 0.000000 0.000013 0.324639 0.000000 0.000000 0.000000 0.000000 0.005086 0.000000 0.324639 0.000000 0.000000 0.000000 0.000000 0.969194 0.000040 0.000884 1.000000 0.000000 0.000000 0.216257 0.000884 0.000000 0.079556 0.000000 0.000001
0.000000 0.000000 0.000000 0.000000 0.000000 0.000000 0.000884 0.000000 0.754809 0.216257 0.022793 0.000000 0.000000 0.000000 0.000000 0.754809 0.000000 0.000000 0.457815 0.000000 0.000000 0.000000 0.000013 0.000000 0.000000 0.135330 0.000000 0.000000 0.882462 0.000000 0.606506 0.000000 0.000000 0.000001 0.000000 0.882462 0.000000 0.000000 0.000000 0.079556 0.000000 0.000000 1.000000 0.000000 0.000004 0.011109 0.000000 0.000040 0.000000 0.324639
0.011109 0.000000 0.000000 0.000000 0.000000 0.000000 0.000000 0.000884 0.000000 0.000000 0.000000 0.000000 0.000000 0.000000 0.457815 0.000000 0.000013 0.000040 0.000000 0.000000 0.000000 0.216257 0.000000 0.000000 0.000000 0.000000 0.000000 0.969194 0.000000 0.000000 0.000000 0.000000 0.043935 0.000000 0.882462 0.000000 0.000000 0.000000 0.000000 0.000000 0.000000 0.000000 0.000000 1.000000 0.000000 0.000000 0.002187 0.000000 0.000000 0.000000
0.000000 0.000000 0.000000 0.000040 0.000120 0.011109 0.457815 0.000000 0.000120 0.000000 0.079556 0.754809 0.000000 0.324639 0.000000 0.000000 0.000000 0.000000 0.000884 0.606506 0.000000 0.000000 0.969194 0.000884 0.000000 0.011109 0.005086 0.000000 0.000040 0.000000 0.000335 0.000004 0.000000 0.969194 0.000000 0.000000 0.000000 0.000000 0.135330 0.022793 0.000000 0.216257 0.000004 0.000000 1.000000 0.135330 0.000000 0.882462 0.000000 0.002187
0.000000 0.000000 0.000000 0.000000 0.000000 0.000004 0.754809 0.000000 0.079556 0.000013 0.969194 0.022793 0.000000 0.002187 0.000000 0.000884 0.000000 0.000000 0.216257 0.011109 0.000000 0.000000 0.216257 0.000000 0.000000 0.606506 0.000001 0.000000 0.043935 0.000000 0.135330 0.000000 0.000000 0.079556 0.000000 0.002187 0.000000 0.000000 0.000335 0.754809 0.000000 0.000884 0.011109 0.000000 0.135330 1.000000 0.000000 0.324639 0.000000 0.324639
0.882462 0.000000 0.022793 0.000000 0.000000 0.000000 0.000000 0.969194 0.000000 0.000000 0.000000 0.000000 0.135330 0.000000 0.079556 0.000000 0.457815 0.606506 0.000000 0.000000 0.000000 0.216257 0.000000 0.000000 0.011109 0.000000 0.000000 0.000884 0.000000 0.079556 0.000000 0.000000 0.606506 0.000000 0.011109 0.000000 0.000884 0.000335 0.000000 0.000000 0.000000 0.000000 0.000000 0.002187 0.000000 0.000000 1.000000 0.000000 0.000013 0.000000
0.000000 0.000000 0.000000 0.000004 0.000013 0.002187 0.754809 0.000000 0.000884 0.000000 0.216257 0.457815 0.000000 0.135330 0.000000 0.000001 0.000000 0.000000 0.005086 0.324639 0.000000 0.000000 0.969194 0.000120 0.000000 0.043935 0.000884 0.000000 0.000335 0.000000 0.002187 0.000000 0.000000 0.754809 0.000000 0.000004 0.000000 0.000000 0.043935 0.079556 0.000000 0.079556 0.000040 0.000000 0.882462 0.324639 0.000000 1.000000 0.000000 0.011109
0.000001 0.079556 0.135330 0.000120 0.000040 0.000000 0.000000 0.000040 0.000000 0.000000 0.000000 0.000000 0.022793 0.000000 0.000000 0.000000 0.002187 0.000884 0.000000 0.000000 0.216257 0.000000 0.000000 0.000004 0.216257 0.000000 0.000000 0.000000 0.000000 0.043935 0.000000 0.000884 0.000000 0.000000 0.000000 0.000000 0.606506 0.754809 0.000000 0.000000 0.005086 0.000000 0.000000 0.000000 0.000000 0.000000 0.000013 0.000000 1.000000 0.000000
0.000000 0.000000 0.000000 0.000000 0.000000 0.000000 0.079556 0.000000 0.754809 0.005086 0.457815 0.000120 0.000000 0.000004 0.000000 0.079556 0.000000 0.000000 0.969194 0.000040 0.000000 0.000000 0.005086 0.000000 0.000000 0.882462 0.000000 0.000000 0.606506 0.000000 0.882462 0.000000 0.000000 0.000884 0.000000 0.135330 0.000000 0.000000 0.000000 0.754809 0.000000 0.000001 0.324639 0.000000 0.002187 0.324639 0.000000 0.011109 0.000000 1.000000
