# 真实均值
77.766943
77.824724
77.276116
76.031537
74.217998
72.253424
69.964877
67.902468
66.175819
65.096656
64.957732
65.721828
67.237111
68.823739
70.365537
71.537921
72.254308
72.734093
72.816620
72.423092
71.554386
70.437540
69.196085
68.306402
68.175628
68.385791
68.980433
69.615740
70.206888
70.682198
71.067738
71.339197
71.712905
72.369790
73.209945
74.107484
74.969385
75.408298
75.362538
74.637013
73.345283
71.921122
70.467417
69.435376
68.500485
67.870311
67.316695
67.020327
66.766975
66.855846
