# 真实均值
75.880048
74.942382
73.933365
73.225851
73.112673
73.668348
74.813940
75.899630
76.542311
76.367483
75.206136
72.889417
70.163160
67.269731
64.595411
62.398140
60.774448
59.623782
59.097006
59.055083
59.561319
60.726077
62.875582
65.594417
68.818553
72.123048
74.961206
76.826505
77.414938
76.657844
74.995011
72.865574
70.668257
68.512578
67.017110
66.173912
66.187805
67.189147
69.137761
72.064261
74.954581
77.520586
79.293056
79.992670
79.518306
78.218187
76.456713
74.550018
72.702813
70.869647
