best_50_8 [31, 2, 1, 3, 30, 32, 33, 34] 53.24234438545131
best_50_16 [11, 34, 1, 35, 9, 28, 0, 7, 31, 29, 3, 2, 4, 33, 32, 30] 52.64507655162651
worst_50_8 [46, 32, 29, 0, 17, 5, 14, 2] 54.56035051261212
worst_50_16 [40, 39, 17, 46, 42, 13, 27, 35, 29, 47, 30, 14, 5, 0, 33, 2] 53.026968232349844
random_50_8 [33, 26, 11, 43, 27, 34, 28, 38] 50.70798119495589
random_50_16 [13, 33, 38, 2, 11, 12, 5, 26, 0, 47, 28, 21, 43, 34, 27, 1] 49.603745523843116
random_200_10 [1, 136, 127, 27, 169, 150, 74, 121, 88, 76] 45.31585445380817
worst_200_10 [125, 91, 87, 141, 13, 104, 9, 7, 10, 8]: 46.8348546986495 
best_200_10 [178, 181, 176, 69, 182, 183, 179, 177, 67, 180] 47.02884229650404
random_200_20 [166, 17, 50, 160, 11, 154, 20, 73, 86, 191, 107, 95, 134, 39, 197, 92, 69, 54, 192, 182]: 43.019847283175594
random_100_10 [50, 15, 81, 24, 27, 25, 55, 53, 73, 11]: 47.00296897738384

simulate_128_10 [83, 110, 92, 95, 123, 117, 26, 74, 100, 79]: 53.09468176826395

random_50_8 [27, 11, 38, 26, 33, 28, 43, 34]: 50.69722501630904(拿worstcase的先验作为Sigma1)
random_50_8 [33, 38, 27, 26, 28, 34, 43, 11]: 50.726222532243554(拿randomcase,seed=420的先验作为Sigma1,注意原问题seed=42)
random_50_8 [47, 26, 8, 34, 12, 43, 11, 38]: 50.847785171312466(拿bestcase的先验作为Sigma1)

random_150_10 [112, 69, 35, 65, 7, 91, 75, 134, 60, 55]: 46.80987738117121
random_150_20 [62, 92, 127, 48, 0, 1, 60, 35, 91, 75, 139, 43, 65, 11, 104, 69, 135, 134, 7, 55]: 45.65803576089085

---------------------------------------------------------------------------------------------------
100个随机索引: [ 14  98  75  16 131  56 141  44  29 120  94   5 102  51  78  42  92  66
  31  35  90  84  77  40 125  99  33  19  73 146  91 135  69 128 114  48
  53  28  54 108 112  17 119 103  58 118  18   4  45  59  39  36 117 139
 107 132 126  85 122  95  11 113 123  12   2 104   6 127 110  65  55 144
 138  46  62  74 116  93 100  89  10  34  32 124  38  83 111 149  27  23
  67   9 130  97 105 145  87 148 109  64]
random_100_10: [19, 2, 60, 9, 31, 30, 40, 69, 32, 70]: 47.67306585353466
---------------------------------------------------------------------------------------------------
50个随机索引: [ 14  98  75  16 131  56 141  44  29 120  94   5 102  51  78  42  92  66
  31  35  90  84  77  40 125  99  33  19  73 146  91 135  69 128 114  48
  53  28  54 108 112  17 119 103  58 118  18   4  45  59]
random_50_10: [9, 30, 19, 40, 35, 31, 2, 32]: 49.495932068827734
---------------------------------------------------------------------------------------------------