# 高斯过程协方差矩阵(1-50整数点)
# 核函数: 3.87**2 * RBF(length_scale=4)
15.000000 14.538499 13.237454 11.322594 9.097960 6.867500 4.869787 3.243978 2.030029 1.193393 0.659054 0.341913 0.166635 0.076291 0.032812 0.013257 0.005032 0.001794 0.000601 0.000189 0.000056 0.000016 0.000004 0.000001 0.000000 0.000000 0.000000 0.000000 0.000000 0.000000 0.000000 0.000000 0.000000 0.000000 0.000000 0.000000 0.000000 0.000000 0.000000 0.000000 0.000000 0.000000 0.000000 0.000000 0.000000 0.000000 0.000000 0.000000 0.000000 0.000000
14.538499 15.000000 14.538499 13.237454 11.322594 9.097960 6.867500 4.869787 3.243978 2.030029 1.193393 0.659054 0.341913 0.166635 0.076291 0.032812 0.013257 0.005032 0.001794 0.000601 0.000189 0.000056 0.000016 0.000004 0.000001 0.000000 0.000000 0.000000 0.000000 0.000000 0.000000 0.000000 0.000000 0.000000 0.000000 0.000000 0.000000 0.000000 0.000000 0.000000 0.000000 0.000000 0.000000 0.000000 0.000000 0.000000 0.000000 0.000000 0.000000 0.000000
13.237454 14.538499 15.000000 14.538499 13.237454 11.322594 9.097960 6.867500 4.869787 3.243978 2.030029 1.193393 0.659054 0.341913 0.166635 0.076291 0.032812 0.013257 0.005032 0.001794 0.000601 0.000189 0.000056 0.000016 0.000004 0.000001 0.000000 0.000000 0.000000 0.000000 0.000000 0.000000 0.000000 0.000000 0.000000 0.000000 0.000000 0.000000 0.000000 0.000000 0.000000 0.000000 0.000000 0.000000 0.000000 0.000000 0.000000 0.000000 0.000000 0.000000
11.322594 13.237454 14.538499 15.000000 14.538499 13.237454 11.322594 9.097960 6.867500 4.869787 3.243978 2.030029 1.193393 0.659054 0.341913 0.166635 0.076291 0.032812 0.013257 0.005032 0.001794 0.000601 0.000189 0.000056 0.000016 0.000004 0.000001 0.000000 0.000000 0.000000 0.000000 0.000000 0.000000 0.000000 0.000000 0.000000 0.000000 0.000000 0.000000 0.000000 0.000000 0.000000 0.000000 0.000000 0.000000 0.000000 0.000000 0.000000 0.000000 0.000000
9.097960 11.322594 13.237454 14.538499 15.000000 14.538499 13.237454 11.322594 9.097960 6.867500 4.869787 3.243978 2.030029 1.193393 0.659054 0.341913 0.166635 0.076291 0.032812 0.013257 0.005032 0.001794 0.000601 0.000189 0.000056 0.000016 0.000004 0.000001 0.000000 0.000000 0.000000 0.000000 0.000000 0.000000 0.000000 0.000000 0.000000 0.000000 0.000000 0.000000 0.000000 0.000000 0.000000 0.000000 0.000000 0.000000 0.000000 0.000000 0.000000 0.000000
6.867500 9.097960 11.322594 13.237454 14.538499 15.000000 14.538499 13.237454 11.322594 9.097960 6.867500 4.869787 3.243978 2.030029 1.193393 0.659054 0.341913 0.166635 0.076291 0.032812 0.013257 0.005032 0.001794 0.000601 0.000189 0.000056 0.000016 0.000004 0.000001 0.000000 0.000000 0.000000 0.000000 0.000000 0.000000 0.000000 0.000000 0.000000 0.000000 0.000000 0.000000 0.000000 0.000000 0.000000 0.000000 0.000000 0.000000 0.000000 0.000000 0.000000
4.869787 6.867500 9.097960 11.322594 13.237454 14.538499 15.000000 14.538499 13.237454 11.322594 9.097960 6.867500 4.869787 3.243978 2.030029 1.193393 0.659054 0.341913 0.166635 0.076291 0.032812 0.013257 0.005032 0.001794 0.000601 0.000189 0.000056 0.000016 0.000004 0.000001 0.000000 0.000000 0.000000 0.000000 0.000000 0.000000 0.000000 0.000000 0.000000 0.000000 0.000000 0.000000 0.000000 0.000000 0.000000 0.000000 0.000000 0.000000 0.000000 0.000000
3.243978 4.869787 6.867500 9.097960 11.322594 13.237454 14.538499 15.000000 14.538499 13.237454 11.322594 9.097960 6.867500 4.869787 3.243978 2.030029 1.193393 0.659054 0.341913 0.166635 0.076291 0.032812 0.013257 0.005032 0.001794 0.000601 0.000189 0.000056 0.000016 0.000004 0.000001 0.000000 0.000000 0.000000 0.000000 0.000000 0.000000 0.000000 0.000000 0.000000 0.000000 0.000000 0.000000 0.000000 0.000000 0.000000 0.000000 0.000000 0.000000 0.000000
2.030029 3.243978 4.869787 6.867500 9.097960 11.322594 13.237454 14.538499 15.000000 14.538499 13.237454 11.322594 9.097960 6.867500 4.869787 3.243978 2.030029 1.193393 0.659054 0.341913 0.166635 0.076291 0.032812 0.013257 0.005032 0.001794 0.000601 0.000189 0.000056 0.000016 0.000004 0.000001 0.000000 0.000000 0.000000 0.000000 0.000000 0.000000 0.000000 0.000000 0.000000 0.000000 0.000000 0.000000 0.000000 0.000000 0.000000 0.000000 0.000000 0.000000
1.193393 2.030029 3.243978 4.869787 6.867500 9.097960 11.322594 13.237454 14.538499 15.000000 14.538499 13.237454 11.322594 9.097960 6.867500 4.869787 3.243978 2.030029 1.193393 0.659054 0.341913 0.166635 0.076291 0.032812 0.013257 0.005032 0.001794 0.000601 0.000189 0.000056 0.000016 0.000004 0.000001 0.000000 0.000000 0.000000 0.000000 0.000000 0.000000 0.000000 0.000000 0.000000 0.000000 0.000000 0.000000 0.000000 0.000000 0.000000 0.000000 0.000000
0.659054 1.193393 2.030029 3.243978 4.869787 6.867500 9.097960 11.322594 13.237454 14.538499 15.000000 14.538499 13.237454 11.322594 9.097960 6.867500 4.869787 3.243978 2.030029 1.193393 0.659054 0.341913 0.166635 0.076291 0.032812 0.013257 0.005032 0.001794 0.000601 0.000189 0.000056 0.000016 0.000004 0.000001 0.000000 0.000000 0.000000 0.000000 0.000000 0.000000 0.000000 0.000000 0.000000 0.000000 0.000000 0.000000 0.000000 0.000000 0.000000 0.000000
0.341913 0.659054 1.193393 2.030029 3.243978 4.869787 6.867500 9.097960 11.322594 13.237454 14.538499 15.000000 14.538499 13.237454 11.322594 9.097960 6.867500 4.869787 3.243978 2.030029 1.193393 0.659054 0.341913 0.166635 0.076291 0.032812 0.013257 0.005032 0.001794 0.000601 0.000189 0.000056 0.000016 0.000004 0.000001 0.000000 0.000000 0.000000 0.000000 0.000000 0.000000 0.000000 0.000000 0.000000 0.000000 0.000000 0.000000 0.000000 0.000000 0.000000
0.166635 0.341913 0.659054 1.193393 2.030029 3.243978 4.869787 6.867500 9.097960 11.322594 13.237454 14.538499 15.000000 14.538499 13.237454 11.322594 9.097960 6.867500 4.869787 3.243978 2.030029 1.193393 0.659054 0.341913 0.166635 0.076291 0.032812 0.013257 0.005032 0.001794 0.000601 0.000189 0.000056 0.000016 0.000004 0.000001 0.000000 0.000000 0.000000 0.000000 0.000000 0.000000 0.000000 0.000000 0.000000 0.000000 0.000000 0.000000 0.000000 0.000000
0.076291 0.166635 0.341913 0.659054 1.193393 2.030029 3.243978 4.869787 6.867500 9.097960 11.322594 13.237454 14.538499 15.000000 14.538499 13.237454 11.322594 9.097960 6.867500 4.869787 3.243978 2.030029 1.193393 0.659054 0.341913 0.166635 0.076291 0.032812 0.013257 0.005032 0.001794 0.000601 0.000189 0.000056 0.000016 0.000004 0.000001 0.000000 0.000000 0.000000 0.000000 0.000000 0.000000 0.000000 0.000000 0.000000 0.000000 0.000000 0.000000 0.000000
0.032812 0.076291 0.166635 0.341913 0.659054 1.193393 2.030029 3.243978 4.869787 6.867500 9.097960 11.322594 13.237454 14.538499 15.000000 14.538499 13.237454 11.322594 9.097960 6.867500 4.869787 3.243978 2.030029 1.193393 0.659054 0.341913 0.166635 0.076291 0.032812 0.013257 0.005032 0.001794 0.000601 0.000189 0.000056 0.000016 0.000004 0.000001 0.000000 0.000000 0.000000 0.000000 0.000000 0.000000 0.000000 0.000000 0.000000 0.000000 0.000000 0.000000
0.013257 0.032812 0.076291 0.166635 0.341913 0.659054 1.193393 2.030029 3.243978 4.869787 6.867500 9.097960 11.322594 13.237454 14.538499 15.000000 14.538499 13.237454 11.322594 9.097960 6.867500 4.869787 3.243978 2.030029 1.193393 0.659054 0.341913 0.166635 0.076291 0.032812 0.013257 0.005032 0.001794 0.000601 0.000189 0.000056 0.000016 0.000004 0.000001 0.000000 0.000000 0.000000 0.000000 0.000000 0.000000 0.000000 0.000000 0.000000 0.000000 0.000000
0.005032 0.013257 0.032812 0.076291 0.166635 0.341913 0.659054 1.193393 2.030029 3.243978 4.869787 6.867500 9.097960 11.322594 13.237454 14.538499 15.000000 14.538499 13.237454 11.322594 9.097960 6.867500 4.869787 3.243978 2.030029 1.193393 0.659054 0.341913 0.166635 0.076291 0.032812 0.013257 0.005032 0.001794 0.000601 0.000189 0.000056 0.000016 0.000004 0.000001 0.000000 0.000000 0.000000 0.000000 0.000000 0.000000 0.000000 0.000000 0.000000 0.000000
0.001794 0.005032 0.013257 0.032812 0.076291 0.166635 0.341913 0.659054 1.193393 2.030029 3.243978 4.869787 6.867500 9.097960 11.322594 13.237454 14.538499 15.000000 14.538499 13.237454 11.322594 9.097960 6.867500 4.869787 3.243978 2.030029 1.193393 0.659054 0.341913 0.166635 0.076291 0.032812 0.013257 0.005032 0.001794 0.000601 0.000189 0.000056 0.000016 0.000004 0.000001 0.000000 0.000000 0.000000 0.000000 0.000000 0.000000 0.000000 0.000000 0.000000
0.000601 0.001794 0.005032 0.013257 0.032812 0.076291 0.166635 0.341913 0.659054 1.193393 2.030029 3.243978 4.869787 6.867500 9.097960 11.322594 13.237454 14.538499 15.000000 14.538499 13.237454 11.322594 9.097960 6.867500 4.869787 3.243978 2.030029 1.193393 0.659054 0.341913 0.166635 0.076291 0.032812 0.013257 0.005032 0.001794 0.000601 0.000189 0.000056 0.000016 0.000004 0.000001 0.000000 0.000000 0.000000 0.000000 0.000000 0.000000 0.000000 0.000000
0.000189 0.000601 0.001794 0.005032 0.013257 0.032812 0.076291 0.166635 0.341913 0.659054 1.193393 2.030029 3.243978 4.869787 6.867500 9.097960 11.322594 13.237454 14.538499 15.000000 14.538499 13.237454 11.322594 9.097960 6.867500 4.869787 3.243978 2.030029 1.193393 0.659054 0.341913 0.166635 0.076291 0.032812 0.013257 0.005032 0.001794 0.000601 0.000189 0.000056 0.000016 0.000004 0.000001 0.000000 0.000000 0.000000 0.000000 0.000000 0.000000 0.000000
0.000056 0.000189 0.000601 0.001794 0.005032 0.013257 0.032812 0.076291 0.166635 0.341913 0.659054 1.193393 2.030029 3.243978 4.869787 6.867500 9.097960 11.322594 13.237454 14.538499 15.000000 14.538499 13.237454 11.322594 9.097960 6.867500 4.869787 3.243978 2.030029 1.193393 0.659054 0.341913 0.166635 0.076291 0.032812 0.013257 0.005032 0.001794 0.000601 0.000189 0.000056 0.000016 0.000004 0.000001 0.000000 0.000000 0.000000 0.000000 0.000000 0.000000
0.000016 0.000056 0.000189 0.000601 0.001794 0.005032 0.013257 0.032812 0.076291 0.166635 0.341913 0.659054 1.193393 2.030029 3.243978 4.869787 6.867500 9.097960 11.322594 13.237454 14.538499 15.000000 14.538499 13.237454 11.322594 9.097960 6.867500 4.869787 3.243978 2.030029 1.193393 0.659054 0.341913 0.166635 0.076291 0.032812 0.013257 0.005032 0.001794 0.000601 0.000189 0.000056 0.000016 0.000004 0.000001 0.000000 0.000000 0.000000 0.000000 0.000000
0.000004 0.000016 0.000056 0.000189 0.000601 0.001794 0.005032 0.013257 0.032812 0.076291 0.166635 0.341913 0.659054 1.193393 2.030029 3.243978 4.869787 6.867500 9.097960 11.322594 13.237454 14.538499 15.000000 14.538499 13.237454 11.322594 9.097960 6.867500 4.869787 3.243978 2.030029 1.193393 0.659054 0.341913 0.166635 0.076291 0.032812 0.013257 0.005032 0.001794 0.000601 0.000189 0.000056 0.000016 0.000004 0.000001 0.000000 0.000000 0.000000 0.000000
0.000001 0.000004 0.000016 0.000056 0.000189 0.000601 0.001794 0.005032 0.013257 0.032812 0.076291 0.166635 0.341913 0.659054 1.193393 2.030029 3.243978 4.869787 6.867500 9.097960 11.322594 13.237454 14.538499 15.000000 14.538499 13.237454 11.322594 9.097960 6.867500 4.869787 3.243978 2.030029 1.193393 0.659054 0.341913 0.166635 0.076291 0.032812 0.013257 0.005032 0.001794 0.000601 0.000189 0.000056 0.000016 0.000004 0.000001 0.000000 0.000000 0.000000
0.000000 0.000001 0.000004 0.000016 0.000056 0.000189 0.000601 0.001794 0.005032 0.013257 0.032812 0.076291 0.166635 0.341913 0.659054 1.193393 2.030029 3.243978 4.869787 6.867500 9.097960 11.322594 13.237454 14.538499 15.000000 14.538499 13.237454 11.322594 9.097960 6.867500 4.869787 3.243978 2.030029 1.193393 0.659054 0.341913 0.166635 0.076291 0.032812 0.013257 0.005032 0.001794 0.000601 0.000189 0.000056 0.000016 0.000004 0.000001 0.000000 0.000000
0.000000 0.000000 0.000001 0.000004 0.000016 0.000056 0.000189 0.000601 0.001794 0.005032 0.013257 0.032812 0.076291 0.166635 0.341913 0.659054 1.193393 2.030029 3.243978 4.869787 6.867500 9.097960 11.322594 13.237454 14.538499 15.000000 14.538499 13.237454 11.322594 9.097960 6.867500 4.869787 3.243978 2.030029 1.193393 0.659054 0.341913 0.166635 0.076291 0.032812 0.013257 0.005032 0.001794 0.000601 0.000189 0.000056 0.000016 0.000004 0.000001 0.000000
0.000000 0.000000 0.000000 0.000001 0.000004 0.000016 0.000056 0.000189 0.000601 0.001794 0.005032 0.013257 0.032812 0.076291 0.166635 0.341913 0.659054 1.193393 2.030029 3.243978 4.869787 6.867500 9.097960 11.322594 13.237454 14.538499 15.000000 14.538499 13.237454 11.322594 9.097960 6.867500 4.869787 3.243978 2.030029 1.193393 0.659054 0.341913 0.166635 0.076291 0.032812 0.013257 0.005032 0.001794 0.000601 0.000189 0.000056 0.000016 0.000004 0.000001
0.000000 0.000000 0.000000 0.000000 0.000001 0.000004 0.000016 0.000056 0.000189 0.000601 0.001794 0.005032 0.013257 0.032812 0.076291 0.166635 0.341913 0.659054 1.193393 2.030029 3.243978 4.869787 6.867500 9.097960 11.322594 13.237454 14.538499 15.000000 14.538499 13.237454 11.322594 9.097960 6.867500 4.869787 3.243978 2.030029 1.193393 0.659054 0.341913 0.166635 0.076291 0.032812 0.013257 0.005032 0.001794 0.000601 0.000189 0.000056 0.000016 0.000004
0.000000 0.000000 0.000000 0.000000 0.000000 0.000001 0.000004 0.000016 0.000056 0.000189 0.000601 0.001794 0.005032 0.013257 0.032812 0.076291 0.166635 0.341913 0.659054 1.193393 2.030029 3.243978 4.869787 6.867500 9.097960 11.322594 13.237454 14.538499 15.000000 14.538499 13.237454 11.322594 9.097960 6.867500 4.869787 3.243978 2.030029 1.193393 0.659054 0.341913 0.166635 0.076291 0.032812 0.013257 0.005032 0.001794 0.000601 0.000189 0.000056 0.000016
0.000000 0.000000 0.000000 0.000000 0.000000 0.000000 0.000001 0.000004 0.000016 0.000056 0.000189 0.000601 0.001794 0.005032 0.013257 0.032812 0.076291 0.166635 0.341913 0.659054 1.193393 2.030029 3.243978 4.869787 6.867500 9.097960 11.322594 13.237454 14.538499 15.000000 14.538499 13.237454 11.322594 9.097960 6.867500 4.869787 3.243978 2.030029 1.193393 0.659054 0.341913 0.166635 0.076291 0.032812 0.013257 0.005032 0.001794 0.000601 0.000189 0.000056
0.000000 0.000000 0.000000 0.000000 0.000000 0.000000 0.000000 0.000001 0.000004 0.000016 0.000056 0.000189 0.000601 0.001794 0.005032 0.013257 0.032812 0.076291 0.166635 0.341913 0.659054 1.193393 2.030029 3.243978 4.869787 6.867500 9.097960 11.322594 13.237454 14.538499 15.000000 14.538499 13.237454 11.322594 9.097960 6.867500 4.869787 3.243978 2.030029 1.193393 0.659054 0.341913 0.166635 0.076291 0.032812 0.013257 0.005032 0.001794 0.000601 0.000189
0.000000 0.000000 0.000000 0.000000 0.000000 0.000000 0.000000 0.000000 0.000001 0.000004 0.000016 0.000056 0.000189 0.000601 0.001794 0.005032 0.013257 0.032812 0.076291 0.166635 0.341913 0.659054 1.193393 2.030029 3.243978 4.869787 6.867500 9.097960 11.322594 13.237454 14.538499 15.000000 14.538499 13.237454 11.322594 9.097960 6.867500 4.869787 3.243978 2.030029 1.193393 0.659054 0.341913 0.166635 0.076291 0.032812 0.013257 0.005032 0.001794 0.000601
0.000000 0.000000 0.000000 0.000000 0.000000 0.000000 0.000000 0.000000 0.000000 0.000001 0.000004 0.000016 0.000056 0.000189 0.000601 0.001794 0.005032 0.013257 0.032812 0.076291 0.166635 0.341913 0.659054 1.193393 2.030029 3.243978 4.869787 6.867500 9.097960 11.322594 13.237454 14.538499 15.000000 14.538499 13.237454 11.322594 9.097960 6.867500 4.869787 3.243978 2.030029 1.193393 0.659054 0.341913 0.166635 0.076291 0.032812 0.013257 0.005032 0.001794
0.000000 0.000000 0.000000 0.000000 0.000000 0.000000 0.000000 0.000000 0.000000 0.000000 0.000001 0.000004 0.000016 0.000056 0.000189 0.000601 0.001794 0.005032 0.013257 0.032812 0.076291 0.166635 0.341913 0.659054 1.193393 2.030029 3.243978 4.869787 6.867500 9.097960 11.322594 13.237454 14.538499 15.000000 14.538499 13.237454 11.322594 9.097960 6.867500 4.869787 3.243978 2.030029 1.193393 0.659054 0.341913 0.166635 0.076291 0.032812 0.013257 0.005032
0.000000 0.000000 0.000000 0.000000 0.000000 0.000000 0.000000 0.000000 0.000000 0.000000 0.000000 0.000001 0.000004 0.000016 0.000056 0.000189 0.000601 0.001794 0.005032 0.013257 0.032812 0.076291 0.166635 0.341913 0.659054 1.193393 2.030029 3.243978 4.869787 6.867500 9.097960 11.322594 13.237454 14.538499 15.000000 14.538499 13.237454 11.322594 9.097960 6.867500 4.869787 3.243978 2.030029 1.193393 0.659054 0.341913 0.166635 0.076291 0.032812 0.013257
0.000000 0.000000 0.000000 0.000000 0.000000 0.000000 0.000000 0.000000 0.000000 0.000000 0.000000 0.000000 0.000001 0.000004 0.000016 0.000056 0.000189 0.000601 0.001794 0.005032 0.013257 0.032812 0.076291 0.166635 0.341913 0.659054 1.193393 2.030029 3.243978 4.869787 6.867500 9.097960 11.322594 13.237454 14.538499 15.000000 14.538499 13.237454 11.322594 9.097960 6.867500 4.869787 3.243978 2.030029 1.193393 0.659054 0.341913 0.166635 0.076291 0.032812
0.000000 0.000000 0.000000 0.000000 0.000000 0.000000 0.000000 0.000000 0.000000 0.000000 0.000000 0.000000 0.000000 0.000001 0.000004 0.000016 0.000056 0.000189 0.000601 0.001794 0.005032 0.013257 0.032812 0.076291 0.166635 0.341913 0.659054 1.193393 2.030029 3.243978 4.869787 6.867500 9.097960 11.322594 13.237454 14.538499 15.000000 14.538499 13.237454 11.322594 9.097960 6.867500 4.869787 3.243978 2.030029 1.193393 0.659054 0.341913 0.166635 0.076291
0.000000 0.000000 0.000000 0.000000 0.000000 0.000000 0.000000 0.000000 0.000000 0.000000 0.000000 0.000000 0.000000 0.000000 0.000001 0.000004 0.000016 0.000056 0.000189 0.000601 0.001794 0.005032 0.013257 0.032812 0.076291 0.166635 0.341913 0.659054 1.193393 2.030029 3.243978 4.869787 6.867500 9.097960 11.322594 13.237454 14.538499 15.000000 14.538499 13.237454 11.322594 9.097960 6.867500 4.869787 3.243978 2.030029 1.193393 0.659054 0.341913 0.166635
0.000000 0.000000 0.000000 0.000000 0.000000 0.000000 0.000000 0.000000 0.000000 0.000000 0.000000 0.000000 0.000000 0.000000 0.000000 0.000001 0.000004 0.000016 0.000056 0.000189 0.000601 0.001794 0.005032 0.013257 0.032812 0.076291 0.166635 0.341913 0.659054 1.193393 2.030029 3.243978 4.869787 6.867500 9.097960 11.322594 13.237454 14.538499 15.000000 14.538499 13.237454 11.322594 9.097960 6.867500 4.869787 3.243978 2.030029 1.193393 0.659054 0.341913
0.000000 0.000000 0.000000 0.000000 0.000000 0.000000 0.000000 0.000000 0.000000 0.000000 0.000000 0.000000 0.000000 0.000000 0.000000 0.000000 0.000001 0.000004 0.000016 0.000056 0.000189 0.000601 0.001794 0.005032 0.013257 0.032812 0.076291 0.166635 0.341913 0.659054 1.193393 2.030029 3.243978 4.869787 6.867500 9.097960 11.322594 13.237454 14.538499 15.000000 14.538499 13.237454 11.322594 9.097960 6.867500 4.869787 3.243978 2.030029 1.193393 0.659054
0.000000 0.000000 0.000000 0.000000 0.000000 0.000000 0.000000 0.000000 0.000000 0.000000 0.000000 0.000000 0.000000 0.000000 0.000000 0.000000 0.000000 0.000001 0.000004 0.000016 0.000056 0.000189 0.000601 0.001794 0.005032 0.013257 0.032812 0.076291 0.166635 0.341913 0.659054 1.193393 2.030029 3.243978 4.869787 6.867500 9.097960 11.322594 13.237454 14.538499 15.000000 14.538499 13.237454 11.322594 9.097960 6.867500 4.869787 3.243978 2.030029 1.193393
0.000000 0.000000 0.000000 0.000000 0.000000 0.000000 0.000000 0.000000 0.000000 0.000000 0.000000 0.000000 0.000000 0.000000 0.000000 0.000000 0.000000 0.000000 0.000001 0.000004 0.000016 0.000056 0.000189 0.000601 0.001794 0.005032 0.013257 0.032812 0.076291 0.166635 0.341913 0.659054 1.193393 2.030029 3.243978 4.869787 6.867500 9.097960 11.322594 13.237454 14.538499 15.000000 14.538499 13.237454 11.322594 9.097960 6.867500 4.869787 3.243978 2.030029
0.000000 0.000000 0.000000 0.000000 0.000000 0.000000 0.000000 0.000000 0.000000 0.000000 0.000000 0.000000 0.000000 0.000000 0.000000 0.000000 0.000000 0.000000 0.000000 0.000001 0.000004 0.000016 0.000056 0.000189 0.000601 0.001794 0.005032 0.013257 0.032812 0.076291 0.166635 0.341913 0.659054 1.193393 2.030029 3.243978 4.869787 6.867500 9.097960 11.322594 13.237454 14.538499 15.000000 14.538499 13.237454 11.322594 9.097960 6.867500 4.869787 3.243978
0.000000 0.000000 0.000000 0.000000 0.000000 0.000000 0.000000 0.000000 0.000000 0.000000 0.000000 0.000000 0.000000 0.000000 0.000000 0.000000 0.000000 0.000000 0.000000 0.000000 0.000001 0.000004 0.000016 0.000056 0.000189 0.000601 0.001794 0.005032 0.013257 0.032812 0.076291 0.166635 0.341913 0.659054 1.193393 2.030029 3.243978 4.869787 6.867500 9.097960 11.322594 13.237454 14.538499 15.000000 14.538499 13.237454 11.322594 9.097960 6.867500 4.869787
0.000000 0.000000 0.000000 0.000000 0.000000 0.000000 0.000000 0.000000 0.000000 0.000000 0.000000 0.000000 0.000000 0.000000 0.000000 0.000000 0.000000 0.000000 0.000000 0.000000 0.000000 0.000001 0.000004 0.000016 0.000056 0.000189 0.000601 0.001794 0.005032 0.013257 0.032812 0.076291 0.166635 0.341913 0.659054 1.193393 2.030029 3.243978 4.869787 6.867500 9.097960 11.322594 13.237454 14.538499 15.000000 14.538499 13.237454 11.322594 9.097960 6.867500
0.000000 0.000000 0.000000 0.000000 0.000000 0.000000 0.000000 0.000000 0.000000 0.000000 0.000000 0.000000 0.000000 0.000000 0.000000 0.000000 0.000000 0.000000 0.000000 0.000000 0.000000 0.000000 0.000001 0.000004 0.000016 0.000056 0.000189 0.000601 0.001794 0.005032 0.013257 0.032812 0.076291 0.166635 0.341913 0.659054 1.193393 2.030029 3.243978 4.869787 6.867500 9.097960 11.322594 13.237454 14.538499 15.000000 14.538499 13.237454 11.322594 9.097960
0.000000 0.000000 0.000000 0.000000 0.000000 0.000000 0.000000 0.000000 0.000000 0.000000 0.000000 0.000000 0.000000 0.000000 0.000000 0.000000 0.000000 0.000000 0.000000 0.000000 0.000000 0.000000 0.000000 0.000001 0.000004 0.000016 0.000056 0.000189 0.000601 0.001794 0.005032 0.013257 0.032812 0.076291 0.166635 0.341913 0.659054 1.193393 2.030029 3.243978 4.869787 6.867500 9.097960 11.322594 13.237454 14.538499 15.000000 14.538499 13.237454 11.322594
0.000000 0.000000 0.000000 0.000000 0.000000 0.000000 0.000000 0.000000 0.000000 0.000000 0.000000 0.000000 0.000000 0.000000 0.000000 0.000000 0.000000 0.000000 0.000000 0.000000 0.000000 0.000000 0.000000 0.000000 0.000001 0.000004 0.000016 0.000056 0.000189 0.000601 0.001794 0.005032 0.013257 0.032812 0.076291 0.166635 0.341913 0.659054 1.193393 2.030029 3.243978 4.869787 6.867500 9.097960 11.322594 13.237454 14.538499 15.000000 14.538499 13.237454
0.000000 0.000000 0.000000 0.000000 0.000000 0.000000 0.000000 0.000000 0.000000 0.000000 0.000000 0.000000 0.000000 0.000000 0.000000 0.000000 0.000000 0.000000 0.000000 0.000000 0.000000 0.000000 0.000000 0.000000 0.000000 0.000001 0.000004 0.000016 0.000056 0.000189 0.000601 0.001794 0.005032 0.013257 0.032812 0.076291 0.166635 0.341913 0.659054 1.193393 2.030029 3.243978 4.869787 6.867500 9.097960 11.322594 13.237454 14.538499 15.000000 14.538499
0.000000 0.000000 0.000000 0.000000 0.000000 0.000000 0.000000 0.000000 0.000000 0.000000 0.000000 0.000000 0.000000 0.000000 0.000000 0.000000 0.000000 0.000000 0.000000 0.000000 0.000000 0.000000 0.000000 0.000000 0.000000 0.000000 0.000001 0.000004 0.000016 0.000056 0.000189 0.000601 0.001794 0.005032 0.013257 0.032812 0.076291 0.166635 0.341913 0.659054 1.193393 2.030029 3.243978 4.869787 6.867500 9.097960 11.322594 13.237454 14.538499 15.000000
